%Used FilterPro from Texas Instruments\footnote{\url%{http://focus.ti.com/docs/toolsw/folders/print/filterpro.html}%}.

%Low pass, multiple feedback, Butterworth, second order, %passband frequency at 1 kHz, attenuation of 1 dB.
%Two resistors of 12 KOhm, 1 of 5.6KOhm, 1 C de 10 nF e outro %de 39 nF, with one ampop.

Frequency_Hz=[
0
10
10.12
10.23
10.35
10.47
10.59
10.72
10.84
10.97
11.09
11.22
11.35
11.48
11.61
11.75
11.89
12.02
12.16
12.3
12.45
12.59
12.74
12.88
13.03
13.18
13.34
13.49
13.65
13.8
13.96
14.13
14.29
14.45
14.62
14.79
14.96
15.14
15.31
15.49
15.67
15.85
16.03
16.22
16.41
16.6
16.79
16.98
17.18
17.38
17.58
17.78
17.99
18.2
18.41
18.62
18.84
19.06
19.28
19.5
19.72
19.95
20.18
20.42
20.65
20.89
21.14
21.38
21.63
21.88
22.13
22.39
22.65
22.91
23.17
23.44
23.71
23.99
24.27
24.55
24.83
25.12
25.41
25.7
26
26.3
26.61
26.92
27.23
27.54
27.86
28.18
28.51
28.84
29.17
29.51
29.85
30.2
30.55
30.9
31.26
31.62
31.99
32.36
32.73
33.11
33.5
33.88
34.28
34.67
35.08
35.48
35.89
36.31
36.73
37.15
37.58
38.02
38.46
38.91
39.36
39.81
40.27
40.74
41.21
41.69
42.17
42.66
43.15
43.65
44.16
44.67
45.19
45.71
46.24
46.77
47.32
47.86
48.42
48.98
49.55
50.12
50.7
51.29
51.88
52.48
53.09
53.7
54.33
54.95
55.59
56.23
56.89
57.54
58.21
58.88
59.57
60.26
60.95
61.66
62.37
63.1
63.83
64.57
65.31
66.07
66.83
67.61
68.39
69.18
69.98
70.8
71.61
72.44
73.28
74.13
74.99
75.86
76.74
77.63
78.52
79.43
80.35
81.28
82.22
83.18
84.14
85.11
86.1
87.1
88.11
89.13
90.16
91.2
92.26
93.33
94.41
95.5
96.61
97.72
98.86
100
101.16
102.33
103.51
104.71
105.93
107.15
108.39
109.65
110.92
112.2
113.5
114.82
116.15
117.49
118.85
120.23
121.62
123.03
124.45
125.89
127.35
128.83
130.32
131.83
133.35
134.9
136.46
138.04
139.64
141.25
142.89
144.54
146.22
147.91
149.62
151.36
153.11
154.88
156.68
158.49
160.33
162.18
164.06
165.96
167.88
169.82
171.79
173.78
175.79
177.83
179.89
181.97
184.08
186.21
188.37
190.55
192.75
194.98
197.24
199.53
201.84
204.17
206.54
208.93
211.35
213.8
216.27
218.78
221.31
223.87
226.46
229.09
231.74
234.42
237.14
239.88
242.66
245.47
248.31
251.19
254.1
257.04
260.02
263.03
266.07
269.15
272.27
275.42
278.61
281.84
285.1
288.4
291.74
295.12
298.54
302
305.49
309.03
312.61
316.23
319.89
323.59
327.34
331.13
334.97
338.84
342.77
346.74
350.75
354.81
358.92
363.08
367.28
371.54
375.84
380.19
384.59
389.05
393.55
398.11
402.72
407.38
412.1
416.87
421.7
426.58
431.52
436.52
441.57
446.68
451.86
457.09
462.38
467.74
473.15
478.63
484.17
489.78
495.45
501.19
506.99
512.86
518.8
524.81
530.88
537.03
543.25
549.54
555.9
562.34
568.85
575.44
582.1
588.84
595.66
602.56
609.54
616.6
623.74
630.96
638.26
645.65
653.13
660.69
668.34
676.08
683.91
691.83
699.84
707.95
716.14
724.44
732.83
741.31
749.89
758.58
767.36
776.25
785.24
794.33
803.53
812.83
822.24
831.76
841.4
851.14
860.99
870.96
881.05
891.25
901.57
912.01
922.57
933.25
944.06
954.99
966.05
977.24
988.55
1000
1011.58
1023.29
1035.14
1047.13
1059.25
1071.52
1083.93
1096.48
1109.18
1122.02
1135.01
1148.15
1161.45
1174.9
1188.5
1202.26
1216.19
1230.27
1244.52
1258.93
1273.5
1288.25
1303.17
1318.26
1333.52
1348.96
1364.58
1380.38
1396.37
1412.54
1428.89
1445.44
1462.18
1479.11
1496.24
1513.56
1531.09
1548.82
1566.75
1584.89
1603.25
1621.81
1640.59
1659.59
1678.8
1698.24
1717.91
1737.8
1757.92
1778.28
1798.87
1819.7
1840.77
1862.09
1883.65
1905.46
1927.53
1949.85
1972.42
1995.26
2018.37
2041.74
2065.38
2089.3
2113.49
2137.96
2162.72
2187.76
2213.1
2238.72
2264.64
2290.87
2317.4
2344.23
2371.37
2398.83
2426.61
2454.71
2483.13
2511.89
2540.97
2570.4
2600.16
2630.27
2660.73
2691.54
2722.7
2754.23
2786.12
2818.38
2851.02
2884.03
2917.43
2951.21
2985.38
3019.95
3054.92
3090.3
3126.08
3162.28
3198.9
3235.94
3273.41
3311.31
3349.65
3388.44
3427.68
3467.37
3507.52
3548.13
3589.22
3630.78
3672.82
3715.35
3758.37
3801.89
3845.92
3890.45
3935.5
3981.07
4027.17
4073.8
4120.98
4168.69
4216.97
4265.8
4315.19
4365.16
4415.7
4466.84
4518.56
4570.88
4623.81
4677.35
4731.51
4786.3
4841.72
4897.79
4954.5
5011.87
5069.91
5128.61
5188
5248.08
5308.84
5370.32
5432.5
5495.41
5559.04
5623.41
5688.53
5754.4
5821.03
5888.44
5956.62
6025.6
6095.37
6165.95
6237.35
6309.57
6382.64
6456.54
6531.31
6606.93
6683.44
6760.83
6839.12
6918.31
6998.42
7079.46
7161.43
7244.36
7328.25
7413.1
7498.94
7585.78
7673.62
7762.47
7852.36
7943.28
8035.26
8128.31
8222.43
8317.64
8413.95
8511.38
8609.94
8709.64
8810.49
8912.51
9015.71
9120.11
9225.71
9332.54
9440.61
9549.93
9660.51
9772.37
9885.53
10000
10115.8
10232.93
10351.42
10471.29
10592.54
10715.19
10839.27
10964.78
11091.75
11220.19
11350.11
11481.54
11614.49
11748.98
11885.02
12022.64
12161.86
12302.69
12445.15
12589.25
12735.03
12882.5
13031.67
13182.57
13335.21
13489.63
13645.83
13803.84
13963.68
14125.38
14288.94
14454.4
14621.77
14791.08
14962.36
15135.61
15310.88
15488.17
15667.51
15848.93
16032.45
16218.1
16405.9
16595.87
16788.04
16982.44
17179.08
17378.01
17579.24
17782.79
17988.71
18197.01
18407.72
18620.87
18836.49
19054.61
19275.25
19498.45
19724.23
19952.62
20183.66
20417.38
20653.8
20892.96
21134.89
21379.62
21627.19
21877.62
22130.95
22387.21
22646.44
22908.68
23173.95
23442.29
23713.74
23988.33
24266.1
24547.09
24831.33
25118.86
25409.73
25703.96
26001.6
26302.68
26607.25
26915.35
27227.01
27542.29
27861.21
28183.83
28510.18
28840.32
29174.27
29512.09
29853.83
30199.52
30549.21
30902.95
31260.79
31622.78
31988.95
32359.37
32734.07
33113.11
33496.54
33884.42
34276.78
34673.69
35075.19
35481.34
35892.19
36307.81
36728.23
37153.52
37583.74
38018.94
38459.18
38904.51
39355.01
39810.72
40271.7
40738.03
41209.75
41686.94
42169.65
42657.95
43151.91
43651.58
44157.05
44668.36
45185.59
45708.82
46238.1
46773.51
47315.13
47863.01
48417.24
48977.88
49545.02
50118.72
50699.07
51286.14
51880
52480.75
53088.44
53703.18
54325.03
54954.09
55590.43
56234.13
56885.29
57543.99
58210.32
58884.37
59566.21
60255.96
60953.69
61659.5
62373.48
63095.73
63826.35
64565.42
65313.06
66069.35
66834.39
67608.3
68391.17
69183.1
69984.2
70794.58
71614.34
72443.6
73282.45
74131.02
74989.42
75857.76
76736.15
77624.71
78523.56
79432.82
80352.61
81283.05
82224.27
83176.38
84139.51
85113.8
86099.38
87096.36
88104.89
89125.09
90157.11
91201.08
92257.14
93325.43
94406.09
95499.26
96605.09
97723.72
98855.31
100000
101157.95
102329.3
103514.22
104712.86
105925.37
107151.93
108392.69
109647.82
110917.48
112201.85
113501.08
114815.36
116144.86
117489.76
118850.22
120226.44
121618.6
123026.88
124451.46
125892.54
127350.31
128824.96
130316.68
131825.67
133352.14
134896.29
136458.31
138038.43
139636.84
141253.75
142889.4
144543.98
146217.72
147910.84
149623.57
151356.13
153108.75
154881.66
156675.11
158489.32
160324.54
162181.01
164058.98
165958.69
167880.4
169824.37
171790.84
173780.08
175792.36
177827.94
179887.09
181970.09
184077.2
186208.71
188364.91
190546.07
192752.49
194984.46
197242.27
199526.23
201836.64
204173.79
206538.02
208929.61
211348.9
213796.21
216271.85
218776.16
221309.47
223872.11
226464.43
229086.77
231739.47
234422.88
237137.37
239883.29
242661.01
245470.89
248313.31
251188.64
254097.27
257039.58
260015.96
263026.8
266072.51
269153.48
